"D=20"
  1 1.0e-04    5.42  20 [4.98, 5.86]
  2 1.0e-04    4.91  20 [4.49, 5.33]
  5 1.0e-04    4.13  20 [3.74, 4.52]
 10 1.0e-04    3.58  20 [3.22, 3.94]
 20 1.0e-04    3.39  20 [3.04, 3.74]
 50 1.0e-04    2.73  20 [2.41, 3.05]
100 1.0e-04    2.62  20 [2.31, 2.93]


"D=50"
  1 1.0e-04    3.94  50 [3.56, 4.32]
  2 1.0e-04    3.60  50 [3.23, 3.97]
  5 1.0e-04    2.72  50 [2.4, 3.04]
 10 1.0e-04    2.27  50 [1.98, 2.56]
 20 1.0e-04    1.90  50 [1.63, 2.17]
 50 1.0e-04    1.87  50 [1.6, 2.14]
100 1.0e-04    1.62  50 [1.37, 1.87]


"D=100"
  1 1.0e-04    4.02 100 [3.64, 4.4]
  2 1.0e-04    3.49 100 [3.13, 3.85]
  5 1.0e-04    2.69 100 [2.37, 3.01]
 10 1.0e-04    2.08 100 [1.8, 2.36]
 20 1.0e-04    2.06 100 [1.78, 2.34]
 50 1.0e-04    1.92 100 [1.65, 2.19]
100 1.0e-04    1.71 100 [1.46, 1.96]






















