"D=10"
  1 1.0e-01   12.32  10
  2 1.0e-01   12.05  10
  5 1.0e-01   10.75  10
 10 1.0e-01   10.57  10
 20 1.0e-01   10.87  10
 50 1.0e-01   10.55  10
100 1.0e-01   10.08  10


"D=20"
  1 1.0e-01    6.80  20
  2 1.0e-01    6.28  20
  5 1.0e-01    6.02  20
 10 1.0e-01    5.38  20
 20 1.0e-01    5.32  20
 50 1.0e-01    5.68  20
100 1.0e-01    5.83  20


"D=50"
  1 1.0e-01    6.25  50
  2 1.0e-01    6.13  50
  5 1.0e-01    5.13  50
 10 1.0e-01    5.30  50
 20 1.0e-01    5.63  50
 50 1.0e-01    7.10  50
100 1.0e-01    8.83  50


"D=100"
  1 1.0e-01    6.87 100
  2 1.0e-01    6.92 100
  5 1.0e-01    7.22 100
 10 1.0e-01    7.38 100
 20 1.0e-01    6.55 100
 50 1.0e-01    9.32 100
100 1.0e-01   10.78 100

#
#  "D=1"
#  1 1.0e-01   69.10   1
#  2 1.0e-01   72.48   1
#  5 1.0e-01   73.87   1
# 10 1.0e-01   74.43   1
# 20 1.0e-01   76.87   1
# 50 1.0e-01   75.90   1
#100 1.0e-01   75.87   1
#
#
#  "D=2"
#  1 1.0e-01   54.93   2
#  2 1.0e-01   59.48   2
#  5 1.0e-01   60.27   2
# 10 1.0e-01   63.03   2
# 20 1.0e-01   65.78   2
# 50 1.0e-01   69.07   2
#100 1.0e-01   69.98   2
#
#
#"D=5"
#  1 1.0e-01   28.28   5
#  2 1.0e-01   27.90   5
#  5 1.0e-01   30.40   5
# 10 1.0e-01   30.65   5
# 20 1.0e-01   32.53   5
# 50 1.0e-01   36.07   5
#:100 1.0e-01   37.35   5
