"D=10"
1 1.0e-02   12.47  10
2 1.0e-02   11.97  10
5 1.0e-02   11.20  10
10 1.0e-02   10.88  10
20 1.0e-02   11.32  10
50 1.0e-02   10.50  10
100 1.0e-02   10.73  10


"D=20"
1 1.0e-02    7.05  20
2 1.0e-02    6.62  20
5 1.0e-02    6.25  20
10 1.0e-02    5.33  20
20 1.0e-02    5.85  20
50 1.0e-02    5.65  20
100 1.0e-02    5.50  20


"D=50"
1 1.0e-02    6.62  50
2 1.0e-02    6.67  50
5 1.0e-02    5.87  50
10 1.0e-02    5.55  50
20 1.0e-02    4.77  50
50 1.0e-02    5.60  50
100 1.0e-02    7.52  50


"D=100"
1 1.0e-02    7.30 100
2 1.0e-02    7.50 100
5 1.0e-02    6.90 100
10 1.0e-02    6.63 100
20 1.0e-02    6.78 100
50 1.0e-02    8.30 100
100 1.0e-02    8.48 100
#1 1.0e-02   69.35   1
#2 1.0e-02   73.32   1
#5 1.0e-02   74.33   1
#10 1.0e-02   75.80   1
#20 1.0e-02   79.60   1
#50 1.0e-02   76.32   1
#100 1.0e-02   76.73   1
#1 1.0e-02   55.43   2
#2 1.0e-02   60.23   2
#5 1.0e-02   60.73   2
#10 1.0e-02   64.25   2
#20 1.0e-02   67.98   2
#50 1.0e-02   71.68   2
#100 1.0e-02   72.45   2
#1 1.0e-02   28.60   5
#2 1.0e-02   28.25   5
#5 1.0e-02   30.77   5
#10 1.0e-02   31.55   5
#20 1.0e-02   33.82   5
#50 1.0e-02   37.40   5
#100 1.0e-02   38.57   5
