#  "D=1"
#  1 1.0e-03   69.42   1
#  2 1.0e-03   73.65   1
#  5 1.0e-03   74.70   1
# 10 1.0e-03   76.03   1
# 20 1.0e-03   77.17   1
# 50 1.0e-03   76.93   1
#100 1.0e-03   76.33   1
#
#
#"D=2"
#  1 1.0e-03   55.52   2
#  2 1.0e-03   60.27   2
#  5 1.0e-03   60.92   2
# 10 1.0e-03   63.47   2
# 20 1.0e-03   67.22   2
# 50 1.0e-03   69.30   2
#100 1.0e-03   67.70   2
#
#
#"D=5"
#  1 1.0e-03   28.53   5
#  2 1.0e-03   28.08   5
#  5 1.0e-03   30.48   5
# 10 1.0e-03   31.23   5
# 20 1.0e-03   33.55   5
# 50 1.0e-03   36.20   5
#100 1.0e-03   36.50   5


"D=10"
  1 1.0e-03   12.27  10
  2 1.0e-03   11.82  10
  5 1.0e-03   10.57  10
 10 1.0e-03   10.20  10
 20 1.0e-03   10.93  10
 50 1.0e-03    9.32  10
100 1.0e-03    9.90  10


"D=20"
  1 1.0e-03    6.70  20
  2 1.0e-03    6.10  20
  5 1.0e-03    5.25  20
 10 1.0e-03    4.42  20
 20 1.0e-03    4.37  20
 50 1.0e-03    4.18  20
100 1.0e-03    3.97  20


"D=50"
  1 1.0e-03    5.68  50
  2 1.0e-03    5.27  50
  5 1.0e-03    4.53  50
 10 1.0e-03    3.30  50
 20 1.0e-03    3.35  50
 50 1.0e-03    2.90  50
100 1.0e-03    3.38  50


"D=100"
  1 1.0e-03    5.62 100
  2 1.0e-03    5.28 100
  5 1.0e-03    4.28 100
 10 1.0e-03    3.37 100
 20 1.0e-03    3.43 100
 50 1.0e-03    3.52 100
100 1.0e-03    3.38 100
