  "D=20"
  1 1.0e-04    6.17  20
  2 1.0e-04    5.87  20
  5 1.0e-04    4.37  20
 10 1.0e-04    4.17  20
 20 1.0e-04    3.58  20
 50 1.0e-04    2.93  20
100 1.0e-04    2.60  20


"D=50"
  1 1.0e-04    4.68  50
  2 1.0e-04    4.43  50
  5 1.0e-04    3.08  50
 10 1.0e-04    2.50  50
 20 1.0e-04    2.12  50
 50 1.0e-04    1.77  50
100 1.0e-04    1.73  50


"D=100"
  1 1.0e-04    4.27 100
  2 1.0e-04    4.18 100
  5 1.0e-04    2.77 100
 10 1.0e-04    2.43 100
 20 1.0e-04    1.98 100
 50 1.0e-04    1.57 100
100 1.0e-04    1.78 100
