#"D=1"
#1   69.40   1
#2   71.57   1
#5   75.22   1
#10  78.33   1
#20  78.07   1
#50  75.93   1
#100 76.17   1
#
#
#"D=2"
#1   55.03   2
#2   59.40   2
#5   60.38   2
#10  61.20   2
#20  62.65   2
#50  63.92   2
#100 64.25   2
#
#
#"D=5"
#1   28.33   5
#2   27.73   5
#5   28.68   5
#10  29.55   5
#20  32.08   5
#50  31.38   5
#100 31.00   5


"D=10"
1   11.82   10
2   10.55   10
5   9.78    10
10  9.13    10
20  8.92    10
50  7.78    10
100 7.67    10


"D=20"
1   6.17    20
2   5.35    20
5   4.35    20
10  4.18    20
20  3.62    20
50  3.22    20
100 2.52    20


"D=50"
1   4.68    50
2   3.80    50
5   3.10    50
10  2.60    50
20  2.33    50
50  1.83    50
100 1.67    50


"D=100"
1   4.27    100
2   3.58    100
5   2.97    100
10  2.52    100
20  2.15    100
50  1.60    100
100 1.85    100
