#//"D=1"
#//1   1.0e-05   69.55   1
#//2   1.0e-05   72.08   1
#//5   1.0e-05   74.92   1
#//1   1.0e-05   77.18   1
#//20  1.0e-05   78.48   1
#//50  1.0e-05   76.08   1
#//100 1.0e-05   75.88   1
#//
#//
#//"D=2"
#//1   1.0e-05   55.48   2
#//2   1.0e-05   57.05   2
#//5   1.0e-05   58.47   2
#//10  1.0e-05   60.90   2
#//20  1.0e-05   62.82   2
#//50  1.0e-05   64.05   2
#//100 1.0e-05   62.75   2
#//
#//
#//"D=5"
#//1   1.0e-05   29.88   5
#//2   1.0e-05   29.27   5
#//5   1.0e-05   28.17   5
#//10  1.0e-05   29.13   5
#//20  1.0e-05   29.13   5
#//50  1.0e-05   29.38   5
#//100 1.0e-05   29.47   5
#//
#//
"D=10"
1   1.0e-05   14.93  10
2   1.0e-05   13.37  10
5   1.0e-05   11.52  10
10  1.0e-05   10.82  10
20  1.0e-05    9.97  10
50  1.0e-05    9.13  10
100 1.0e-05   8.58   10


"D=20"
1   1.0e-05    8.48  20
2   1.0e-05    7.37  20
5   1.0e-05    5.53  20
10  1.0e-05    5.43  20
20  1.0e-05    4.92  20
50  1.0e-05    4.18  20
100 1.0e-05    3.53  20


"D=50"
1   1.0e-05    6.57  50
2   1.0e-05    5.68  50
5   1.0e-05    4.62  50
10  1.0e-05    3.92  50
20  1.0e-05    3.52  50
50  1.0e-05    2.45  50
100 1.0e-05    2.50  50


"D=100"
1   1.0e-05    6.47 100
2   1.0e-05    5.40 100
5   1.0e-05    4.40 100
10  1.0e-05    3.77 100
20  1.0e-05    3.18 100
50   1.0e-05    2.23 100
100 1.0e-05    2.33 100
