"D=10"
1 1.0e-06   22.35  10
2 1.0e-06   18.50  10
5 1.0e-06   15.50  10
10 1.0e-06   13.75  10
20 1.0e-06   11.33  10
50 1.0e-06   10.45  10
100 1.0e-06    9.35  10


"D=20"
1 1.0e-06   16.47  20
2 1.0e-06   13.53  20
5 1.0e-06   10.23  20
10 1.0e-06    8.27  20
20 1.0e-06    7.22  20
50 1.0e-06    5.43  20
100 1.0e-06    4.98  20


"D=50"
1 1.0e-06   14.62  50
2 1.0e-06   12.00  50
5 1.0e-06    8.23  50
10 1.0e-06    7.42  50
20 1.0e-06    5.95  50
50 1.0e-06    4.67  50
100 1.0e-06    3.82  50


"D=100"
1 1.0e-06   14.17 100
2 1.0e-06   11.67 100
5 1.0e-06    7.97 100
10 1.0e-06    7.18 100
20 1.0e-06    5.62 100
50 1.0e-06    4.38 100
100 1.0e-06    3.78 100


#1 1.0e-06   69.67   1
#2 1.0e-06   72.87   1
#5 1.0e-06   75.77   1
#10 1.0e-06   77.90   1
#20 1.0e-06   78.60   1
#50 1.0e-06   76.30   1
#100 1.0e-06   75.57   1
#1 1.0e-06   56.63   2
#2 1.0e-06   57.58   2
#5 1.0e-06   58.30   2
#10 1.0e-06   60.23   2
#20 1.0e-06   63.87   2
#50 1.0e-06   63.40   2
#100 1.0e-06   62.78   2
#1 1.0e-06   35.47   5
#2 1.0e-06   32.92   5
#5 1.0e-06   30.93   5
#10 1.0e-06   30.32   5
#20 1.0e-06   30.30   5
#50 1.0e-06   29.35   5
#100 1.0e-06   29.77   5
