K   alpha dv-err
--- ------- ------
  1 1.0e-04   69.40   1
  2 1.0e-04   71.57   1
  5 1.0e-04   75.22   1
 10 1.0e-04   78.33   1
 20 1.0e-04   78.07   1
 50 1.0e-04   75.93   1
100 1.0e-04   76.17   1
  1 1.0e-04   55.03   2
  2 1.0e-04   59.40   2
  5 1.0e-04   60.38   2
 10 1.0e-04   61.20   2
 20 1.0e-04   62.65   2
 50 1.0e-04   63.92   2
100 1.0e-04   64.25   2
  1 1.0e-04   28.33   5
  2 1.0e-04   27.73   5
  5 1.0e-04   28.68   5
 10 1.0e-04   29.55   5
 20 1.0e-04   32.08   5
 50 1.0e-04   31.38   5
100 1.0e-04   31.00   5

