"D=20"
  1 1.0e-04    5.42  20
  2 1.0e-04    5.32  20
  5 1.0e-04    4.13  20
 10 1.0e-04    3.64  20
 20 1.0e-04    3.43  20
 50 1.0e-04    2.77  20
100 1.0e-04    2.62  20


"D=50"
  1 1.0e-04    3.94  50
  2 1.0e-04    3.71  50
  5 1.0e-04    2.63  50
 10 1.0e-04    2.20  50
 20 1.0e-04    1.98  50
 50 1.0e-04    1.90  50
100 1.0e-04    1.60  50


"D=100"
  1 1.0e-04    4.02 100
  2 1.0e-04    3.89 100
  5 1.0e-04    2.80 100
 10 1.0e-04    2.11 100
 20 1.0e-04    2.08 100
 50 1.0e-04    1.93 100
100 1.0e-04    1.67 100





