EJECUCIÓN DE: OCR_14x14
Alphas: .1 1 10 100 1000 10000
Betas: .1 1 10 100 1000 10000
####################################################################
#      a         b    E    k  Ete   Ete (%)         Ite    (%)      
#-------  --------  ---  ---  ---  --------   ----------------------
     0.1       0.1    0   11   14       4.7   [2.279838 - 7.053495]
     0.1       1.0    0   12   18       6.0   [3.312583 - 8.687417]
     0.1      10.0    0   17   14       4.7   [2.279838 - 7.053495]
     0.1     100.0    0  123   14       4.7   [2.279838 - 7.053495]
     0.1    1000.0  162  200   11       3.7   [1.539902 - 5.793431]
     0.1   10000.0  538  200   29       9.7   [6.322732 - 13.010602]
     1.0       0.1    0   12   17       5.7   [3.050341 - 8.282993]
     1.0       1.0    0   11   14       4.7   [2.279838 - 7.053495]
     1.0      10.0    0   12   18       6.0   [3.312583 - 8.687417]
     1.0     100.0    0   17   14       4.7   [2.279838 - 7.053495]
     1.0    1000.0    0  123   14       4.7   [2.279838 - 7.053495]
     1.0   10000.0  162  200   11       3.7   [1.539902 - 5.793431]
    10.0       0.1    0   10   15       5.0   [2.533721 - 7.466279]
    10.0       1.0    0   12   17       5.7   [3.050341 - 8.282993]
    10.0      10.0    0   11   14       4.7   [2.279838 - 7.053495]
    10.0     100.0    0   12   18       6.0   [3.312583 - 8.687417]
    10.0    1000.0    0   17   14       4.7   [2.279838 - 7.053495]
    10.0   10000.0    0  123   14       4.7   [2.279838 - 7.053495]
   100.0       0.1    0   10   15       5.0   [2.533721 - 7.466279]
   100.0       1.0    0   10   15       5.0   [2.533721 - 7.466279]
   100.0      10.0    0   12   17       5.7   [3.050341 - 8.282993]
   100.0     100.0    0   11   14       4.7   [2.279838 - 7.053495]
   100.0    1000.0    0   12   18       6.0   [3.312583 - 8.687417]
   100.0   10000.0    0   17   14       4.7   [2.279838 - 7.053495]
  1000.0       0.1    0   10   15       5.0   [2.533721 - 7.466279]
  1000.0       1.0    0   10   15       5.0   [2.533721 - 7.466279]
  1000.0      10.0    0   10   15       5.0   [2.533721 - 7.466279]
  1000.0     100.0    0   12   17       5.7   [3.050341 - 8.282993]
  1000.0    1000.0    0   11   14       4.7   [2.279838 - 7.053495]
  1000.0   10000.0    0   12   18       6.0   [3.312583 - 8.687417]
 10000.0       0.1    0   10   15       5.0   [2.533721 - 7.466279]
 10000.0       1.0    0   10   15       5.0   [2.533721 - 7.466279]
 10000.0      10.0    0   10   15       5.0   [2.533721 - 7.466279]
 10000.0     100.0    0   10   15       5.0   [2.533721 - 7.466279]
 10000.0    1000.0    0   12   17       5.7   [3.050341 - 8.282993]
 10000.0   10000.0    0   11   14       4.7   [2.279838 - 7.053495]
--------------------------------------------------------------------
FIN DE EJECUCIÓN...
####################################################################

EJECUCIÓN DE: expressions
Alphas: .1 1 10 100 1000 10000
Betas: .1 1 10 100 1000 10000
####################################################################
#      a         b    E    k  Ete   Ete (%)         Ite    (%)      
#-------  --------  ---  ---  ---  --------   ----------------------
     0.1       0.1    0   50    4       6.0   [0.296740 - 11.643559]
     0.1       1.0    0   50    4       6.0   [0.296740 - 11.643559]
     0.1      10.0    0   50    4       6.0   [0.296740 - 11.643559]
     0.1     100.0    0   50    4       6.0   [0.296740 - 11.643559]
     0.1    1000.0    0   63    6       9.0   [2.117927 - 15.792520]
     0.1   10000.0    0   45    4       6.0   [0.296740 - 11.643559]
     1.0       0.1    0   50    4       6.0   [0.296740 - 11.643559]
     1.0       1.0    0   50    4       6.0   [0.296740 - 11.643559]
     1.0      10.0    0   50    4       6.0   [0.296740 - 11.643559]
     1.0     100.0    0   50    4       6.0   [0.296740 - 11.643559]
     1.0    1000.0    0   50    4       6.0   [0.296740 - 11.643559]
     1.0   10000.0    0   63    6       9.0   [2.117927 - 15.792520]
    10.0       0.1    0   50    4       6.0   [0.296740 - 11.643559]
    10.0       1.0    0   50    4       6.0   [0.296740 - 11.643559]
    10.0      10.0    0   50    4       6.0   [0.296740 - 11.643559]
    10.0     100.0    0   50    4       6.0   [0.296740 - 11.643559]
    10.0    1000.0    0   50    4       6.0   [0.296740 - 11.643559]
    10.0   10000.0    0   50    4       6.0   [0.296740 - 11.643559]
   100.0       0.1    0   50    4       6.0   [0.296740 - 11.643559]
   100.0       1.0    0   50    4       6.0   [0.296740 - 11.643559]
   100.0      10.0    0   50    4       6.0   [0.296740 - 11.643559]
   100.0     100.0    0   50    4       6.0   [0.296740 - 11.643559]
   100.0    1000.0    0   50    4       6.0   [0.296740 - 11.643559]
   100.0   10000.0    0   50    4       6.0   [0.296740 - 11.643559]
  1000.0       0.1    0   50    4       6.0   [0.296740 - 11.643559]
  1000.0       1.0    0   50    4       6.0   [0.296740 - 11.643559]
  1000.0      10.0    0   50    4       6.0   [0.296740 - 11.643559]
  1000.0     100.0    0   50    4       6.0   [0.296740 - 11.643559]
  1000.0    1000.0    0   50    4       6.0   [0.296740 - 11.643559]
  1000.0   10000.0    0   50    4       6.0   [0.296740 - 11.643559]
 10000.0       0.1    0   50    4       6.0   [0.296740 - 11.643559]
 10000.0       1.0    0   50    4       6.0   [0.296740 - 11.643559]
 10000.0      10.0    0   50    4       6.0   [0.296740 - 11.643559]
 10000.0     100.0    0   50    4       6.0   [0.296740 - 11.643559]
 10000.0    1000.0    0   50    4       6.0   [0.296740 - 11.643559]
 10000.0   10000.0    0   50    4       6.0   [0.296740 - 11.643559]
--------------------------------------------------------------------
FIN DE EJECUCIÓN...
####################################################################

EJECUCIÓN DE: gauss2D
Alphas: .1 1 10 100 1000 10000
Betas: .1 1 10 100 1000 10000
####################################################################
#      a         b    E    k  Ete   Ete (%)         Ite    (%)      
#-------  --------  ---  ---  ---  --------   ----------------------
     0.1       0.1  562  200  445      37.1   [34.350346 - 39.816321]
     0.1       1.0  697  200  260      21.7   [19.335707 - 23.997627]
     0.1      10.0  806  200  141      11.8   [9.928028 - 13.571972]
     0.1     100.0  824  200  126      10.5   [8.765511 - 12.234489]
     0.1    1000.0  849  200  126      10.5   [8.765511 - 12.234489]
     0.1   10000.0  1173  200  153      12.8   [10.862864 - 14.637136]
     1.0       0.1  517  200  418      34.8   [32.137608 - 37.529059]
     1.0       1.0  562  200  445      37.1   [34.350346 - 39.816321]
     1.0      10.0  697  200  260      21.7   [19.335707 - 23.997627]
     1.0     100.0  806  200  141      11.8   [9.928028 - 13.571972]
     1.0    1000.0  824  200  126      10.5   [8.765511 - 12.234489]
     1.0   10000.0  849  200  126      10.5   [8.765511 - 12.234489]
    10.0       0.1  509  200  339      28.2   [25.702668 - 30.797332]
    10.0       1.0  517  200  418      34.8   [32.137608 - 37.529059]
    10.0      10.0  562  200  445      37.1   [34.350346 - 39.816321]
    10.0     100.0  697  200  260      21.7   [19.335707 - 23.997627]
    10.0    1000.0  806  200  141      11.8   [9.928028 - 13.571972]
    10.0   10000.0  824  200  126      10.5   [8.765511 - 12.234489]
   100.0       0.1  519  200  341      28.4   [25.864800 - 30.968533]
   100.0       1.0  509  200  339      28.2   [25.702668 - 30.797332]
   100.0      10.0  517  200  418      34.8   [32.137608 - 37.529059]
   100.0     100.0  562  200  445      37.1   [34.350346 - 39.816321]
   100.0    1000.0  697  200  260      21.7   [19.335707 - 23.997627]
   100.0   10000.0  806  200  141      11.8   [9.928028 - 13.571972]
  1000.0       0.1  529  200  485      40.4   [37.640100 - 43.193233]
  1000.0       1.0  519  200  341      28.4   [25.864800 - 30.968533]
  1000.0      10.0  509  200  339      28.2   [25.702668 - 30.797332]
  1000.0     100.0  517  200  418      34.8   [32.137608 - 37.529059]
  1000.0    1000.0  562  200  445      37.1   [34.350346 - 39.816321]
  1000.0   10000.0  697  200  260      21.7   [19.335707 - 23.997627]
 10000.0       0.1  528  200  495      41.2   [38.464640 - 44.035360]
 10000.0       1.0  529  200  485      40.4   [37.640100 - 43.193233]
 10000.0      10.0  519  200  341      28.4   [25.864800 - 30.968533]
 10000.0     100.0  509  200  339      28.2   [25.702668 - 30.797332]
 10000.0    1000.0  517  200  418      34.8   [32.137608 - 37.529059]
 10000.0   10000.0  562  200  445      37.1   [34.350346 - 39.816321]
--------------------------------------------------------------------
FIN DE EJECUCIÓN...
####################################################################


EJECUCIÓN DE: gender
Alphas: .1 1 10 100 1000 10000
Betas: .1 1 10 100 1000 10000
####################################################################
#      a         b    E    k  Ete   Ete (%)         Ite    (%)      
#-------  --------  ---  ---  ---  --------   ----------------------
     0.1       0.1    0   60   39       4.6   [3.177858 - 5.987830]
     0.1       1.0    0   60   39       4.6   [3.177858 - 5.987830]
     0.1      10.0    0   70   49       5.8   [4.192814 - 7.323049]
     0.1     100.0    0   70   49       5.8   [4.192814 - 7.323049]
     0.1    1000.0    0   58   44       5.2   [3.682655 - 6.658120]
     0.1   10000.0    0   66   43       5.1   [3.581239 - 6.524519]
     1.0       0.1    0   60   39       4.6   [3.177858 - 5.987830]
     1.0       1.0    0   60   39       4.6   [3.177858 - 5.987830]
     1.0      10.0    0   60   39       4.6   [3.177858 - 5.987830]
     1.0     100.0    0   70   49       5.8   [4.192814 - 7.323049]
     1.0    1000.0    0   70   49       5.8   [4.192814 - 7.323049]
     1.0   10000.0    0   58   44       5.2   [3.682655 - 6.658120]
    10.0       0.1    0   60   39       4.6   [3.177858 - 5.987830]
    10.0       1.0    0   60   39       4.6   [3.177858 - 5.987830]
    10.0      10.0    0   60   39       4.6   [3.177858 - 5.987830]
    10.0     100.0    0   60   39       4.6   [3.177858 - 5.987830]
    10.0    1000.0    0   70   49       5.8   [4.192814 - 7.323049]
    10.0   10000.0    0   70   49       5.8   [4.192814 - 7.323049]
   100.0       0.1    0   60   39       4.6   [3.177858 - 5.987830]
   100.0       1.0    0   60   39       4.6   [3.177858 - 5.987830]
   100.0      10.0    0   60   39       4.6   [3.177858 - 5.987830]
   100.0     100.0    0   60   39       4.6   [3.177858 - 5.987830]
   100.0    1000.0    0   60   39       4.6   [3.177858 - 5.987830]
   100.0   10000.0    0   70   49       5.8   [4.192814 - 7.323049]
  1000.0       0.1    0   60   39       4.6   [3.177858 - 5.987830]
  1000.0       1.0    0   60   39       4.6   [3.177858 - 5.987830]
  1000.0      10.0    0   60   39       4.6   [3.177858 - 5.987830]
  1000.0     100.0    0   60   39       4.6   [3.177858 - 5.987830]
  1000.0    1000.0    0   60   39       4.6   [3.177858 - 5.987830]
  1000.0   10000.0    0   60   39       4.6   [3.177858 - 5.987830]
 10000.0       0.1    0   60   39       4.6   [3.177858 - 5.987830]
 10000.0       1.0    0   60   39       4.6   [3.177858 - 5.987830]
 10000.0      10.0    0   60   39       4.6   [3.177858 - 5.987830]
 10000.0     100.0    0   60   39       4.6   [3.177858 - 5.987830]
 10000.0    1000.0    0   60   39       4.6   [3.177858 - 5.987830]
 10000.0   10000.0    0   60   39       4.6   [3.177858 - 5.987830]
--------------------------------------------------------------------
FIN DE EJECUCIÓN...
####################################################################

EJECUCIÓN DE: videos
Alphas: .1 1 10 100 1000 10000
Betas: .1 1 10 100 1000 10000
####################################################################
#      a         b    E    k  Ete   Ete (%)         Ite    (%)      
#-------  --------  ---  ---  ---  --------   ----------------------
     0.1       0.1  1644  200  833      34.8   [32.873310 - 36.688277]
     0.1       1.0  2788  200  647      27.0   [25.236250 - 28.792978]
     0.1      10.0  4424  200  673      28.1   [26.300004 - 29.900414]
     0.1     100.0  5565  200  1140      47.6   [45.598971 - 49.599359]
     0.1    1000.0  5566  200  1171      48.9   [46.891515 - 50.895541]
     0.1   10000.0  5590  200  1171      48.9   [46.891515 - 50.895541]
     1.0       0.1  1150  200  732      30.6   [28.718661 - 32.408687]
     1.0       1.0  1644  200  833      34.8   [32.873310 - 36.688277]
     1.0      10.0  2788  200  647      27.0   [25.236250 - 28.792978]
     1.0     100.0  4424  200  673      28.1   [26.300004 - 29.900414]
     1.0    1000.0  5565  200  1140      47.6   [45.598971 - 49.599359]
     1.0   10000.0  5566  200  1171      48.9   [46.891515 - 50.895541]
    10.0       0.1  1052  200  813      33.9   [32.049249 - 35.842192]
    10.0       1.0  1150  200  732      30.6   [28.718661 - 32.408687]
    10.0      10.0  1644  200  833      34.8   [32.873310 - 36.688277]
    10.0     100.0  2788  200  647      27.0   [25.236250 - 28.792978]
    10.0    1000.0  4424  200  673      28.1   [26.300004 - 29.900414]
    10.0   10000.0  5565  200  1140      47.6   [45.598971 - 49.599359]
   100.0       0.1  1032  200  828      34.6   [32.667233 - 36.476817]
   100.0       1.0  1052  200  813      33.9   [32.049249 - 35.842192]
   100.0      10.0  1150  200  732      30.6   [28.718661 - 32.408687]
   100.0     100.0  1644  200  833      34.8   [32.873310 - 36.688277]
   100.0    1000.0  2788  200  647      27.0   [25.236250 - 28.792978]
   100.0   10000.0  4424  200  673      28.1   [26.300004 - 29.900414]
  1000.0       0.1  1026  200  831      34.7   [32.790874 - 36.603698]
  1000.0       1.0  1032  200  828      34.6   [32.667233 - 36.476817]
  1000.0      10.0  1052  200  813      33.9   [32.049249 - 35.842192]
  1000.0     100.0  1150  200  732      30.6   [28.718661 - 32.408687]
  1000.0    1000.0  1644  200  833      34.8   [32.873310 - 36.688277]
  1000.0   10000.0  2788  200  647      27.0   [25.236250 - 28.792978]
 10000.0       0.1  1020  200  826      34.5   [32.584814 - 36.392221]
 10000.0       1.0  1026  200  831      34.7   [32.790874 - 36.603698]
 10000.0      10.0  1032  200  828      34.6   [32.667233 - 36.476817]
 10000.0     100.0  1052  200  813      33.9   [32.049249 - 35.842192]
 10000.0    1000.0  1150  200  732      30.6   [28.718661 - 32.408687]
 10000.0   10000.0  1644  200  833      34.8   [32.873310 - 36.688277]
--------------------------------------------------------------------
FIN DE EJECUCIÓN...
#################################################################### 

EJECUCIÓN DE: OCR_14x14
Alphas: 0.1 1 10 100 1000 10000
Betas: 0.1 1 10 100 1000 10000
####################################################################
#      a         b    E    k  Ete   Ete (%)         Ite    (%)      
#-------  --------  ---  ---  ---  --------   ----------------------
     0.1       0.1    0   11   14       4.7   [2.279838 - 7.053495]
     0.1       1.0    0   12   18       6.0   [3.312583 - 8.687417]
     0.1      10.0    0   17   14       4.7   [2.279838 - 7.053495]
     0.1     100.0    0  123   14       4.7   [2.279838 - 7.053495]
     0.1    1000.0  162  200   11       3.7   [1.539902 - 5.793431]
     0.1   10000.0  538  200   29       9.7   [6.322732 - 13.010602]
     1.0       0.1    0   12   17       5.7   [3.050341 - 8.282993]
     1.0       1.0    0   11   14       4.7   [2.279838 - 7.053495]
     1.0      10.0    0   12   18       6.0   [3.312583 - 8.687417]
     1.0     100.0    0   17   14       4.7   [2.279838 - 7.053495]
     1.0    1000.0    0  123   14       4.7   [2.279838 - 7.053495]
     1.0   10000.0  162  200   11       3.7   [1.539902 - 5.793431]
    10.0       0.1    0   10   15       5.0   [2.533721 - 7.466279]
    10.0       1.0    0   12   17       5.7   [3.050341 - 8.282993]
    10.0      10.0    0   11   14       4.7   [2.279838 - 7.053495]
    10.0     100.0    0   12   18       6.0   [3.312583 - 8.687417]
    10.0    1000.0    0   17   14       4.7   [2.279838 - 7.053495]
    10.0   10000.0    0  123   14       4.7   [2.279838 - 7.053495]
   100.0       0.1    0   10   15       5.0   [2.533721 - 7.466279]
   100.0       1.0    0   10   15       5.0   [2.533721 - 7.466279]
   100.0      10.0    0   12   17       5.7   [3.050341 - 8.282993]
   100.0     100.0    0   11   14       4.7   [2.279838 - 7.053495]
   100.0    1000.0    0   12   18       6.0   [3.312583 - 8.687417]
   100.0   10000.0    0   17   14       4.7   [2.279838 - 7.053495]
  1000.0       0.1    0   10   15       5.0   [2.533721 - 7.466279]
  1000.0       1.0    0   10   15       5.0   [2.533721 - 7.466279]
  1000.0      10.0    0   10   15       5.0   [2.533721 - 7.466279]
  1000.0     100.0    0   12   17       5.7   [3.050341 - 8.282993]
  1000.0    1000.0    0   11   14       4.7   [2.279838 - 7.053495]
  1000.0   10000.0    0   12   18       6.0   [3.312583 - 8.687417]
 10000.0       0.1    0   10   15       5.0   [2.533721 - 7.466279]
 10000.0       1.0    0   10   15       5.0   [2.533721 - 7.466279]
 10000.0      10.0    0   10   15       5.0   [2.533721 - 7.466279]
 10000.0     100.0    0   10   15       5.0   [2.533721 - 7.466279]
 10000.0    1000.0    0   12   17       5.7   [3.050341 - 8.282993]
 10000.0   10000.0    0   11   14       4.7   [2.279838 - 7.053495]
--------------------------------------------------------------------
HAY CONVERGENCIA PORQUE E = 0. 
E:   0
Si E > 0 no ha convergido y hemos parado a las 200 iteraciones (ks)
porque el algoritmo puede que no encuentre solucion. 
El apha y la beta más apropiados son: 
Alpa:     10.0
Beta:  10000.0
Error_min_porcentaje:      4.7
Error_min_num:  14
Intervalo: [2.279838 - 7.053495]
--------------------------------------------------------------------
FIN DE EJECUCIÓN...
####################################################################

EJECUCIÓN DE: OCR_14x14
Alphas: 0.1 1 10 100 1000 10000
Betas: 0.1 1 10 100 1000 10000
####################################################################
#      a         b    E    k  Ete   Ete (%)         Ite    (%)      
#-------  --------  ---  ---  ---  --------   ----------------------
     0.1       0.1    0   11   14       4.7   [2.279838 - 7.053495]
     0.1       1.0    0   12   18       6.0   [3.312583 - 8.687417]
     0.1      10.0    0   17   14       4.7   [2.279838 - 7.053495]
     0.1     100.0    0  123   14       4.7   [2.279838 - 7.053495]
     0.1    1000.0   75  400   12       4.0   [1.782513 - 6.217487]
     0.1   10000.0  406  400   21       7.0   [4.112740 - 9.887260]
     1.0       0.1    0   12   17       5.7   [3.050341 - 8.282993]
     1.0       1.0    0   11   14       4.7   [2.279838 - 7.053495]
     1.0      10.0    0   12   18       6.0   [3.312583 - 8.687417]
     1.0     100.0    0   17   14       4.7   [2.279838 - 7.053495]
     1.0    1000.0    0  123   14       4.7   [2.279838 - 7.053495]
     1.0   10000.0   75  400   12       4.0   [1.782513 - 6.217487]
    10.0       0.1    0   10   15       5.0   [2.533721 - 7.466279]
    10.0       1.0    0   12   17       5.7   [3.050341 - 8.282993]
    10.0      10.0    0   11   14       4.7   [2.279838 - 7.053495]
    10.0     100.0    0   12   18       6.0   [3.312583 - 8.687417]
    10.0    1000.0    0   17   14       4.7   [2.279838 - 7.053495]
    10.0   10000.0    0  123   14       4.7   [2.279838 - 7.053495]
EJECUCIÓN DE: OCR_14x14
Alphas: 0.1 1 10 100 1000 10000
Betas: 0.1 1 10 100 1000 10000
####################################################################
#      a         b    E    k  Ete   Ete (%)         Ite    (%)      
#-------  --------  ---  ---  ---  --------   ----------------------
     0.1       0.1    0   11   14       4.7   [2.279838 - 7.053495]
     0.1       1.0    0   12   18       6.0   [3.312583 - 8.687417]
     0.1      10.0    0   17   14       4.7   [2.279838 - 7.053495]
     0.1     100.0    0  123   14       4.7   [2.279838 - 7.053495]
     0.1    1000.0    4  1000   14       4.7   [2.279838 - 7.053495]
     0.1   10000.0  274  1000   14       4.7   [2.279838 - 7.053495]
     1.0       0.1    0   12   17       5.7   [3.050341 - 8.282993]
     1.0       1.0    0   11   14       4.7   [2.279838 - 7.053495]
     1.0      10.0    0   12   18       6.0   [3.312583 - 8.687417]
     1.0     100.0    0   17   14       4.7   [2.279838 - 7.053495]
     1.0    1000.0    0  123   14       4.7   [2.279838 - 7.053495]
